1000 375
693 128 125 150
654 255 125 100
648 186 175 150
609 87 125 75
617 245 150 50
630 7 100 100
533 152 100 100
558 21 150 100
430 69 150 100
110 236 15 75
372 156 15 75
569 0 15 75
161 114 75 75
241 16 75 75
724 94 75 75
262 261 50 50
466 268 50 50
800 65 50 50
702 1 50 125
283 99 50 125
30 194 50 125
248 68 50 125
37 6 75 50
125 236 75 50
830 139 75 50
235 244 75 50
321 89 75 50
901 191 75 50
786 78 50 100
861 207 50 100
485 67 50 100
260 237 50 100
110 214 50 100
664 241 50 100
389 269 50 100
516 198 50 100
659 241 75 100
832 66 75 100
502 173 75 100
320 84 75 100
910 166 75 100
602 95 75 100
457 49 75 100
6 64 75 100
72 161 75 100
432 153 75 100
430 243 75 100
582 169 75 100
197 152 75 100
200 27 75 100
