400 500
196 170 125 150
72 265 125 100
140 71 175 150
27 304 125 75
1 299 150 50
115 399 100 100
190 372 100 100
20 390 150 100
54 17 150 100
283 337 15 75
380 251 15 75
38 290 15 75
202 101 75 75
31 100 75 75
152 383 75 75
153 277 50 50
6 311 50 50
80 1 50 50
346 252 50 125
175 34 50 125
4 217 50 125
156 69 50 125
124 226 75 50
37 372 75 50
67 20 75 50
255 34 75 50
232 430 75 50
183 187 75 50
313 381 50 100
13 383 50 100
259 209 50 100
298 18 50 100
298 37 50 100
276 144 50 100
12 82 50 100
319 77 50 100
7 124 75 100
226 257 75 100
112 155 75 100
60 66 75 100
255 273 75 100
155 199 75 100
185 151 75 100
115 340 75 100
256 145 75 100
178 223 75 100
46 341 75 100
275 365 75 100
77 379 75 100
220 281 75 100
